37   0  1353622  1329812  1377432 12.6 12.4 12.8   384085   370365   397805 16.6 16.0 17.2   272163   260127   284199 15.9 15.2 16.6  74055  73206  74904  103979   97707  110251 17.4 16.4 18.4 North Carolina                                NC est24-nc.txt 07JAN2026
37   1    24501    20971    28031 13.8 11.8 15.8     7139     5561     8717 18.2 14.2 22.2     5467     4263     6671 18.7 14.6 22.8  66652  63481  69823                                        Alamance County                               NC est24-nc.txt 07JAN2026
37   3     4323     3437     5209 12.2  9.7 14.7     1028      719     1337 15.0 10.5 19.5      779      531     1027 15.1 10.3 19.9  66198  58721  73675                                        Alexander County                              NC est24-nc.txt 07JAN2026
37   5     1695     1282     2108 15.1 11.4 18.8      445      302      588 24.0 16.3 31.7      319      202      436 23.6 14.9 32.3  53354  48665  58043                                        Alleghany County                              NC est24-nc.txt 07JAN2026
37   7     4311     3357     5265 21.3 16.6 26.0     1126      738     1514 26.0 17.0 35.0      860      529     1191 28.0 17.2 38.8  57324  52770  61878                                        Anson County                                  NC est24-nc.txt 07JAN2026
37   9     4170     3381     4959 15.5 12.6 18.4     1051      795     1307 24.4 18.5 30.3      840      642     1038 25.4 19.4 31.4  57567  51798  63336                                        Ashe County                                   NC est24-nc.txt 07JAN2026
37  11     2491     1909     3073 15.8 12.1 19.5      497      332      662 19.9 13.3 26.5      345      213      477 18.7 11.5 25.9  58017  51423  64611                                        Avery County                                  NC est24-nc.txt 07JAN2026
37  13     7113     5613     8613 16.1 12.7 19.5     1964     1367     2561 23.9 16.6 31.2     1522     1037     2007 24.8 16.9 32.7  58625  53716  63534                                        Beaufort County                               NC est24-nc.txt 07JAN2026
37  15     3136     2296     3976 20.1 14.7 25.5      691      443      939 25.4 16.3 34.5      461      261      661 22.6 12.8 32.4  47587  42483  52691                                        Bertie County                                 NC est24-nc.txt 07JAN2026
37  17     6052     4993     7111 20.6 17.0 24.2     1699     1273     2125 28.2 21.1 35.3     1220      871     1569 28.0 20.0 36.0  49547  44030  55064                                        Bladen County                                 NC est24-nc.txt 07JAN2026
37  19    14902    12368    17436  9.0  7.5 10.5     3562     2589     4535 16.2 11.8 20.6     2507     1706     3308 15.6 10.6 20.6  81361  77265  85457                                        Brunswick County                              NC est24-nc.txt 07JAN2026
37  21    33839    29043    38635 12.4 10.6 14.2     7399     5505     9293 15.7 11.7 19.7     5100     3529     6671 14.5 10.0 19.0  78993  74869  83117                                        Buncombe County                               NC est24-nc.txt 07JAN2026
37  23    12077    10171    13983 14.0 11.8 16.2     3407     2746     4068 22.1 17.8 26.4     2731     2217     3245 24.1 19.6 28.6  61006  55909  66103                                        Burke County                                  NC est24-nc.txt 07JAN2026
37  25    20663    17395    23931  8.5  7.2  9.8     6033     4428     7638 10.2  7.5 12.9     4199     2865     5533  9.3  6.3 12.3  87867  82391  93343                                        Cabarrus County                               NC est24-nc.txt 07JAN2026
37  27    11181     8999    13363 14.0 11.3 16.7     2817     1980     3654 18.3 12.9 23.7     1953     1298     2608 17.0 11.3 22.7  59968  54538  65398                                        Caldwell County                               NC est24-nc.txt 07JAN2026
37  29      837      632     1042  7.5  5.7  9.3      186      126      246  7.8  5.3 10.3      132       84      180  6.8  4.3  9.3  89509  79169  99849                                        Camden County                                 NC est24-nc.txt 07JAN2026
37  31     6605     5326     7884  9.5  7.7 11.3     1491     1004     1978 13.2  8.9 17.5      972      574     1370 11.0  6.5 15.5  76739  70820  82658                                        Carteret County                               NC est24-nc.txt 07JAN2026
37  33     3608     2853     4363 16.8 13.3 20.3      958      695     1221 23.6 17.1 30.1      729      523      935 24.1 17.3 30.9  60453  53915  66991                                        Caswell County                                NC est24-nc.txt 07JAN2026
37  35    21305    17810    24800 13.0 10.9 15.1     5852     4436     7268 16.9 12.8 21.0     4475     3391     5559 17.2 13.0 21.4  70879  66685  75073                                        Catawba County                                NC est24-nc.txt 07JAN2026
37  37     7229     5788     8670  8.7  7.0 10.4     1658     1193     2123 10.8  7.8 13.8     1174      804     1544 10.1  6.9 13.3 100222  93236 107208                                        Chatham County                                NC est24-nc.txt 07JAN2026
37  39     4615     3600     5630 15.4 12.0 18.8     1127      790     1464 23.9 16.7 31.1      843      569     1117 24.6 16.6 32.6  55351  49462  61240                                        Cherokee County                               NC est24-nc.txt 07JAN2026
37  41     2166     1658     2674 15.9 12.2 19.6      661      464      858 24.8 17.4 32.2      467      300      634 23.9 15.4 32.4  57780  51276  64284                                        Chowan County                                 NC est24-nc.txt 07JAN2026
37  43     1368     1020     1716 11.5  8.6 14.4      331      219      443 19.1 12.6 25.6      229      139      319 17.9 10.8 25.0  64569  57475  71663                                        Clay County                                   NC est24-nc.txt 07JAN2026
37  45    16311    13619    19003 16.3 13.6 19.0     4787     3498     6076 21.6 15.8 27.4     3143     2098     4188 19.2 12.8 25.6  61392  56654  66130                                        Cleveland County                              NC est24-nc.txt 07JAN2026
37  47     9139     7332    10946 19.3 15.5 23.1     2578     1814     3342 25.6 18.0 33.2     1849     1210     2488 25.3 16.6 34.0  50741  45910  55572                                        Columbus County                               NC est24-nc.txt 07JAN2026
37  49    12699    10353    15045 12.7 10.3 15.1     3543     2431     4655 16.6 11.4 21.8     2512     1627     3397 16.4 10.6 22.2  65661  59644  71678                                        Craven County                                 NC est24-nc.txt 07JAN2026
37  51    53000    47651    58349 16.5 14.8 18.2    18634    15725    21543 22.2 18.7 25.7    12842    10489    15195 21.5 17.6 25.4  60831  58829  62833                                        Cumberland County                             NC est24-nc.txt 07JAN2026
37  53     2615     2025     3205  8.1  6.3  9.9      715      483      947 10.4  7.0 13.8      520      334      706  9.8  6.3 13.3  94709  86475 102943                                        Currituck County                              NC est24-nc.txt 07JAN2026
37  55     3189     2445     3933  8.4  6.4 10.4      761      513     1009 11.9  8.0 15.8      550      345      755 11.0  6.9 15.1  87321  78690  95952                                        Dare County                                   NC est24-nc.txt 07JAN2026
37  57    19703    15977    23429 11.2  9.1 13.3     5503     3972     7034 14.8 10.7 18.9     4023     2755     5291 14.4  9.9 18.9  65644  61748  69540                                        Davidson County                               NC est24-nc.txt 07JAN2026
37  59     4664     3737     5591 10.4  8.3 12.5     1184      839     1529 13.0  9.2 16.8      735      461     1009 10.6  6.7 14.5  77417  69917  84917                                        Davie County                                  NC est24-nc.txt 07JAN2026
37  61    10555     9054    12056 21.1 18.1 24.1     3625     2978     4272 30.5 25.1 35.9     2407     1887     2927 28.5 22.3 34.7  56729  52658  60800                                        Duplin County                                 NC est24-nc.txt 07JAN2026
37  63    37319    31030    43608 11.3  9.4 13.2    10348     7355    13341 15.7 11.2 20.2     6920     4599     9241 15.0 10.0 20.0  84375  80499  88251                                        Durham County                                 NC est24-nc.txt 07JAN2026
37  65    10243     8306    12180 21.1 17.1 25.1     3299     2244     4354 30.4 20.7 40.1     2334     1457     3211 29.0 18.1 39.9  49283  44268  54298                                        Edgecombe County                              NC est24-nc.txt 07JAN2026
37  67    51293    45019    57567 13.3 11.7 14.9    14478    11061    17895 16.6 12.7 20.5    10147     7483    12811 15.7 11.6 19.8  67638  63230  72046                                        Forsyth County                                NC est24-nc.txt 07JAN2026
37  69     9913     8309    11517 12.6 10.6 14.6     2551     1900     3202 15.2 11.3 19.1     1867     1358     2376 15.3 11.1 19.5  72026  65412  78640                                        Franklin County                               NC est24-nc.txt 07JAN2026
37  71    29437    24887    33987 12.4 10.5 14.3     8316     6225    10407 15.9 11.9 19.9     5539     3801     7277 14.4  9.9 18.9  70318  67215  73421                                        Gaston County                                 NC est24-nc.txt 07JAN2026
37  73     1451     1096     1806 14.3 10.8 17.8      326      222      430 17.5 11.9 23.1      236      151      321 16.5 10.5 22.5  68522  60611  76433                                        Gates County                                  NC est24-nc.txt 07JAN2026
37  75     1325      987     1663 16.4 12.2 20.6      337      228      446 22.3 15.1 29.5      245      155      335 23.4 14.8 32.0  55006  49115  60897                                        Graham County                                 NC est24-nc.txt 07JAN2026
37  77     7925     6486     9364 13.5 11.1 15.9     2193     1677     2709 18.3 14.0 22.6     1535     1097     1973 17.2 12.3 22.1  70353  63317  77389                                        Granville County                              NC est24-nc.txt 07JAN2026
37  79     3433     2561     4305 19.9 14.8 25.0      923      611     1235 24.5 16.2 32.8      667      405      929 23.9 14.5 33.3  57307  51869  62745                                        Greene County                                 NC est24-nc.txt 07JAN2026
37  81    71916    63372    80460 13.5 11.9 15.1    22161    18077    26245 18.6 15.2 22.0    15995    12910    19080 18.0 14.5 21.5  70304  67316  73292                                        Guilford County                               NC est24-nc.txt 07JAN2026
37  83     8630     6918    10342 18.8 15.1 22.5     2640     1742     3538 26.8 17.7 35.9     1782     1062     2502 24.5 14.6 34.4  47318  42900  51736                                        Halifax County                                NC est24-nc.txt 07JAN2026
37  85    18817    15969    21665 13.2 11.2 15.2     5120     3795     6445 14.3 10.6 18.0     3557     2481     4633 13.7  9.6 17.8  72961  68795  77127                                        Harnett County                                NC est24-nc.txt 07JAN2026
37  87     8467     7060     9874 13.6 11.3 15.9     1945     1430     2460 18.4 13.5 23.3     1463     1057     1869 18.4 13.3 23.5  65113  59845  70381                                        Haywood County                                NC est24-nc.txt 07JAN2026
37  89    11756     9559    13953  9.8  8.0 11.6     3137     2326     3948 14.7 10.9 18.5     2241     1582     2900 13.9  9.8 18.0  72820  66066  79574                                        Henderson County                              NC est24-nc.txt 07JAN2026
37  91     4127     3319     4935 22.9 18.4 27.4     1106      808     1404 30.1 22.0 38.2      776      527     1025 28.3 19.2 37.4  48051  42712  53390                                        Hertford County                               NC est24-nc.txt 07JAN2026
37  93     8861     7503    10219 16.2 13.7 18.7     3293     2619     3967 23.0 18.3 27.7     2327     1774     2880 23.0 17.5 28.5  68243  62528  73958                                        Hoke County                                   NC est24-nc.txt 07JAN2026
37  95      793      594      992 20.7 15.5 25.9      168      113      223 26.4 17.8 35.0      126       79      173 26.0 16.3 35.7  53386  47245  59527                                        Hyde County                                   NC est24-nc.txt 07JAN2026
37  97    19662    16526    22798  9.6  8.1 11.1     5192     3982     6402 11.8  9.0 14.6     3715     2703     4727 11.3  8.2 14.4  85180  79015  91345                                        Iredell County                                NC est24-nc.txt 07JAN2026
37  99     6811     5427     8195 16.9 13.5 20.3     1486     1074     1898 21.0 15.2 26.8     1122      793     1451 21.2 15.0 27.4  62044  56383  67705                                        Jackson County                                NC est24-nc.txt 07JAN2026
37 101    23783    18969    28597  9.6  7.7 11.5     7966     6012     9920 13.4 10.1 16.7     5663     4117     7209 12.7  9.2 16.2  88688  85257  92119                                        Johnston County                               NC est24-nc.txt 07JAN2026
37 103     1623     1252     1994 17.3 13.3 21.3      483      344      622 27.7 19.7 35.7      349      235      463 27.6 18.6 36.6  56456  50009  62903                                        Jones County                                  NC est24-nc.txt 07JAN2026
37 105     9108     7538    10678 13.5 11.2 15.8     2876     2120     3632 18.6 13.7 23.5     2129     1517     2741 18.6 13.3 23.9  71876  65702  78050                                        Lee County                                    NC est24-nc.txt 07JAN2026
37 107    10360     8442    12278 19.1 15.6 22.6     3384     2496     4272 27.6 20.3 34.9     2389     1624     3154 27.0 18.4 35.6  52084  46626  57542                                        Lenoir County                                 NC est24-nc.txt 07JAN2026
37 109     9353     7430    11276  9.7  7.7 11.7     2428     1748     3108 12.5  9.0 16.0     1735     1189     2281 12.0  8.2 15.8  83859  77099  90619                                        Lincoln County                                NC est24-nc.txt 07JAN2026
37 111     6803     5536     8070 15.5 12.6 18.4     1735     1252     2218 20.9 15.1 26.7     1199      793     1605 19.2 12.7 25.7  57124  52429  61819                                        McDowell County                               NC est24-nc.txt 07JAN2026
37 113     4691     3608     5774 12.2  9.4 15.0     1349      905     1793 19.9 13.3 26.5      934      580     1288 18.6 11.6 25.6  58888  53118  64658                                        Macon County                                  NC est24-nc.txt 07JAN2026
37 115     3188     2455     3921 14.9 11.5 18.3      703      475      931 19.3 13.0 25.6      504      320      688 18.5 11.7 25.3  61754  56080  67428                                        Madison County                                NC est24-nc.txt 07JAN2026
37 117     4198     3303     5093 19.7 15.5 23.9     1227      853     1601 28.4 19.7 37.1      900      597     1203 28.2 18.7 37.7  52295  46920  57670                                        Martin County                                 NC est24-nc.txt 07JAN2026
37 119   125805   116212   135398 10.6  9.8 11.4    37897    32624    43170 14.3 12.3 16.3    26828    22887    30769 14.1 12.0 16.2  90698  88250  93146                                        Mecklenburg County                            NC est24-nc.txt 07JAN2026
37 121     2019     1525     2513 13.5 10.2 16.8      500      339      661 19.1 12.9 25.3      372      239      505 18.4 11.8 25.0  58182  52072  64292                                        Mitchell County                               NC est24-nc.txt 07JAN2026
37 123     4099     3238     4960 16.0 12.6 19.4     1206      887     1525 23.0 16.9 29.1      893      644     1142 22.8 16.5 29.1  57356  53654  61058                                        Montgomery County                             NC est24-nc.txt 07JAN2026
37 125    11660     9668    13652 10.9  9.0 12.8     3074     2284     3864 13.4 10.0 16.8     2194     1546     2842 12.9  9.1 16.7  85211  78556  91866                                        Moore County                                  NC est24-nc.txt 07JAN2026
37 127    12023     9385    14661 12.5  9.8 15.2     3891     2690     5092 18.4 12.7 24.1     2894     1878     3910 18.6 12.1 25.1  66531  61946  71116                                        Nash County                                   NC est24-nc.txt 07JAN2026
37 129    27704    23423    31985 11.7  9.9 13.5     5791     4228     7354 14.0 10.2 17.8     3977     2742     5212 13.1  9.0 17.2  77098  72405  81791                                        New Hanover County                            NC est24-nc.txt 07JAN2026
37 131     3646     2932     4360 22.5 18.1 26.9      988      722     1254 34.5 25.2 43.8      708      482      934 33.6 22.9 44.3  51986  46995  56977                                        Northampton County                            NC est24-nc.txt 07JAN2026
37 133    21954    17700    26208 11.5  9.3 13.7     7699     5336    10062 14.8 10.3 19.3     5169     3318     7020 14.6  9.4 19.8  71800  68136  75464                                        Onslow County                                 NC est24-nc.txt 07JAN2026
37 135    17654    15344    19964 12.4 10.8 14.0     2462     1715     3209  9.1  6.3 11.9     1657     1073     2241  7.9  5.1 10.7  83872  78027  89717                                        Orange County                                 NC est24-nc.txt 07JAN2026
37 137     2083     1697     2469 17.6 14.3 20.9      406      280      532 23.6 16.3 30.9      307      205      409 24.4 16.3 32.5  63059  55764  70354                                        Pamlico County                                NC est24-nc.txt 07JAN2026
37 139     5976     4655     7297 15.3 11.9 18.7     1810     1228     2392 21.8 14.8 28.8     1292      810     1774 21.1 13.2 29.0  64384  58286  70482                                        Pasquotank County                             NC est24-nc.txt 07JAN2026
37 141     7188     5575     8801 10.4  8.1 12.7     1888     1290     2486 12.3  8.4 16.2     1389      901     1877 12.0  7.8 16.2  79480  71852  87108                                        Pender County                                 NC est24-nc.txt 07JAN2026
37 143     1842     1386     2298 13.8 10.4 17.2      531      356      706 22.2 14.9 29.5      405      254      556 22.0 13.8 30.2  71446  64599  78293                                        Perquimans County                             NC est24-nc.txt 07JAN2026
37 145     5685     4572     6798 14.3 11.5 17.1     1597     1169     2025 19.9 14.6 25.2     1107      770     1444 18.6 13.0 24.2  60520  54006  67034                                        Person County                                 NC est24-nc.txt 07JAN2026
37 147    34027    30035    38019 19.8 17.5 22.1     8007     6345     9669 21.7 17.2 26.2     5065     3587     6543 18.7 13.2 24.2  59430  54939  63921                                        Pitt County                                   NC est24-nc.txt 07JAN2026
37 149     2434     1914     2954 12.3  9.7 14.9      542      377      707 18.1 12.6 23.6      406      267      545 17.7 11.7 23.7  74525  67491  81559                                        Polk County                                   NC est24-nc.txt 07JAN2026
37 151    18340    15135    21545 12.5 10.3 14.7     5257     3773     6741 16.5 11.8 21.2     3710     2508     4912 15.5 10.5 20.5  63374  59679  67069                                        Randolph County                               NC est24-nc.txt 07JAN2026
37 153     8878     7162    10594 21.5 17.3 25.7     3086     2306     3866 31.9 23.8 40.0     1973     1361     2585 27.9 19.3 36.5  50515  44988  56042                                        Richmond County                               NC est24-nc.txt 07JAN2026
37 155    27291    24721    29861 23.7 21.5 25.9     9385     7796    10974 30.8 25.6 36.0     6406     5147     7665 29.7 23.9 35.5  46927  43723  50131                                        Robeson County                                NC est24-nc.txt 07JAN2026
37 157    15944    13689    18199 17.2 14.8 19.6     4559     3646     5472 24.5 19.6 29.4     2979     2162     3796 21.7 15.8 27.6  56141  51127  61155                                        Rockingham County                             NC est24-nc.txt 07JAN2026
37 159    20976    17933    24019 14.1 12.1 16.1     6086     4533     7639 18.6 13.9 23.3     4733     3474     5992 19.4 14.2 24.6  65555  61556  69554                                        Rowan County                                  NC est24-nc.txt 07JAN2026
37 161     9525     7596    11454 14.8 11.8 17.8     2583     1779     3387 20.4 14.0 26.8     1846     1181     2511 19.6 12.5 26.7  57208  51942  62474                                        Rutherford County                             NC est24-nc.txt 07JAN2026
37 163    11372     9577    13167 19.1 16.1 22.1     3891     3033     4749 26.5 20.6 32.4     2717     1991     3443 25.5 18.7 32.3  55628  52001  59255                                        Sampson County                                NC est24-nc.txt 07JAN2026
37 165     7116     5874     8358 22.9 18.9 26.9     2680     2020     3340 34.7 26.2 43.2     1945     1420     2470 33.9 24.7 43.1  55335  51164  59506                                        Scotland County                               NC est24-nc.txt 07JAN2026
37 167     8305     6662     9948 12.6 10.1 15.1     2276     1650     2902 15.9 11.5 20.3     1666     1146     2186 15.8 10.9 20.7  64791  58646  70936                                        Stanly County                                 NC est24-nc.txt 07JAN2026
37 169     5341     4191     6491 11.8  9.3 14.3     1267      874     1660 15.1 10.4 19.8      906      584     1228 14.4  9.3 19.5  67343  60215  74471                                        Stokes County                                 NC est24-nc.txt 07JAN2026
37 171    11805    10198    13412 16.7 14.4 19.0     3496     2923     4069 23.9 20.0 27.8     2715     2240     3190 24.9 20.5 29.3  55191  51563  58819                                        Surry County                                  NC est24-nc.txt 07JAN2026
37 173     2116     1658     2574 15.6 12.2 19.0      640      435      845 22.0 15.0 29.0      452      287      617 21.2 13.5 28.9  53257  48514  58000                                        Swain County                                  NC est24-nc.txt 07JAN2026
37 175     3991     3163     4819 12.0  9.5 14.5      872      586     1158 16.9 11.4 22.4      617      390      844 15.9 10.0 21.8  71679  65514  77844                                        Transylvania County                           NC est24-nc.txt 07JAN2026
37 177      633      475      791 19.5 14.6 24.4      169      115      223 25.2 17.1 33.3      119       74      164 24.5 15.1 33.9  49846  43852  55840                                        Tyrrell County                                NC est24-nc.txt 07JAN2026
37 179    19794    16323    23265  7.6  6.3  8.9     5870     4451     7289  9.1  6.9 11.3     4377     3291     5463  8.7  6.5 10.9 107681 100049 115313                                        Union County                                  NC est24-nc.txt 07JAN2026
37 181     7568     5946     9190 18.1 14.2 22.0     2630     1765     3495 26.6 17.9 35.3     1932     1227     2637 27.1 17.2 37.0  54441  49290  59592                                        Vance County                                  NC est24-nc.txt 07JAN2026
37 183   103558    94264   112852  8.6  7.8  9.4    27180    23236    31124 10.1  8.6 11.6    19416    16336    22496  9.6  8.1 11.1 107083 104057 110109                                        Wake County                                   NC est24-nc.txt 07JAN2026
37 185     3695     2947     4443 20.1 16.0 24.2      922      632     1212 27.8 19.1 36.5      702      462      942 28.8 19.0 38.6  55287  51741  58833                                        Warren County                                 NC est24-nc.txt 07JAN2026
37 187     2080     1556     2604 19.9 14.9 24.9      650      437      863 32.4 21.8 43.0      470      288      652 32.0 19.6 44.4  51253  45548  56958                                        Washington County                             NC est24-nc.txt 07JAN2026
37 189     9804     8613    10995 20.8 18.3 23.3      823      621     1025 13.0  9.8 16.2      547      383      711 11.3  7.9 14.7  58832  53758  63906                                        Watauga County                                NC est24-nc.txt 07JAN2026
37 191    22419    19768    25070 19.3 17.0 21.6     8281     7091     9471 29.6 25.3 33.9     5800     4861     6739 28.8 24.1 33.5  59786  56291  63281                                        Wayne County                                  NC est24-nc.txt 07JAN2026
37 193     9931     8256    11606 15.3 12.7 17.9     2555     1884     3226 20.3 15.0 25.6     1931     1397     2465 20.9 15.1 26.7  56053  51402  60704                                        Wilkes County                                 NC est24-nc.txt 07JAN2026
37 195    13820    11443    16197 17.6 14.6 20.6     4904     3880     5928 27.7 21.9 33.5     3666     2797     4535 27.8 21.2 34.4  62252  57035  67469                                        Wilson County                                 NC est24-nc.txt 07JAN2026
37 197     5440     4565     6315 14.5 12.2 16.8     1463     1138     1788 19.1 14.9 23.3     1107      845     1369 19.5 14.9 24.1  66012  59349  72675                                        Yadkin County                                 NC est24-nc.txt 07JAN2026
37 199     2737     2097     3377 14.5 11.1 17.9      651      435      867 19.8 13.2 26.4      467      293      641 19.4 12.2 26.6  62198  55748  68648                                        Yancey County                                 NC est24-nc.txt 07JAN2026
